[gd_scene load_steps=8 format=3 uid="uid://c3m7lgp4gxmbn"]

[ext_resource type="Script" uid="uid://bq3w2mabv2hb5" path="res://scripts/Hand.gd" id="1_i6a42"]
[ext_resource type="Script" uid="uid://chpu4iupivv7r" path="res://scripts/Deck.gd" id="2_0vyix"]

[sub_resource type="BoxMesh" id="BoxMesh_0vyix"]
size = Vector3(1.2, 0.05, 0.8)

[sub_resource type="StandardMaterial3D" id="StandardMaterial3D_47gtt"]

[sub_resource type="StandardMaterial3D" id="StandardMaterial3D_txkv6"]
cull_mode = 2
albedo_color = Color(0.325441, 0.325441, 0.325441, 1)

[sub_resource type="BoxMesh" id="BoxMesh_i6a42"]
material = SubResource("StandardMaterial3D_txkv6")
size = Vector3(8, 2.8, 8)

[sub_resource type="PlaneMesh" id="PlaneMesh_txkv6"]
size = Vector2(0.06, 0.1)

[node name="TrucoRoom" type="Node3D"]

[node name="Deck" type="Node" parent="."]
script = ExtResource("2_0vyix")

[node name="Table" type="MeshInstance3D" parent="."]
transform = Transform3D(1, 0, 0, 0, 1, 0, 0, 0, 1, 0, 0.75, 0)
mesh = SubResource("BoxMesh_0vyix")
skeleton = NodePath("../Room")
surface_material_override/0 = SubResource("StandardMaterial3D_47gtt")

[node name="Room" type="MeshInstance3D" parent="."]
transform = Transform3D(1, 0, 0, 0, 1, 0, 0, 0, 1, 0, 1.37885, 0)
mesh = SubResource("BoxMesh_i6a42")

[node name="Light" type="OmniLight3D" parent="Room"]
transform = Transform3D(1, 0, 0, 0, 1, 0, 0, 0, 1, 0, 0.76586, 0)
light_color = Color(0.21808967, 0.23633862, 0.21974209, 1)
light_energy = 3.664
light_indirect_energy = 1.795
light_size = 5.0

[node name="Camera3D" type="Camera3D" parent="."]
transform = Transform3D(1, 0, 0, 0, 1, 0, 0, 0, 1, 0, 1.15, 0.8)

[node name="Hand" type="Marker3D" parent="." node_paths=PackedStringArray("deck")]
transform = Transform3D(1, 0, 0, 0, 1.0000001, 0, 0, 0, 1.0000001, 0, 1.0696, 0.570086)
script = ExtResource("1_i6a42")
deck = NodePath("../Deck")

[node name="Card1" type="MeshInstance3D" parent="Hand"]
transform = Transform3D(0.9729572, 0.21693063, 0.07934521, 0.021260474, 0.25794432, -0.96592605, -0.23000559, 0.941491, 0.24635683, -0.06956897, -0.0011484623, 0.005068481)
mesh = SubResource("PlaneMesh_txkv6")
skeleton = NodePath("../..")

[node name="Card2" type="MeshInstance3D" parent="Hand"]
transform = Transform3D(1, 0, 0, 0, 0.25881904, -0.96592575, 0, 0.96592575, 0.25881904, 0, 0, 0)
mesh = SubResource("PlaneMesh_txkv6")
skeleton = NodePath("../..")

[node name="Card3" type="MeshInstance3D" parent="Hand"]
transform = Transform3D(0.97933596, -0.1898621, -0.069667414, -0.018667318, 0.25814494, -0.96592593, 0.2013771, 0.94726604, 0.24926648, 0.066410676, -0.00210464, 0.005068481)
mesh = SubResource("PlaneMesh_txkv6")
skeleton = NodePath("../..")

[node name="OmniLight3D" type="OmniLight3D" parent="."]
transform = Transform3D(1, 0, 0, 0, 1, 0, 0, 0, 1, 0.0036427956, 1.0870866, 0.6468024)
light_energy = 0.1
